Ra = 0.12;
La = 0.00027;
Ke = 0.022;

Jm = 8.5e-5;
Bm = 8.8e-5;

Va = 12;

TL = 0;